time,x,y,z,phi,theta,psi,x_velocity,y_velocity,z_velocity,phi_velocity,theta_velocity,psi_velocity,rotor_speed1,rotor_speed2,rotor_speed3,rotor_speed4
0.06,-2.76477648601e-09,3.10574103756e-07,10.0003781643,0.000324891069005,4.11090414509e-06,0.0,-2.75540163035e-07,2.63799748458e-05,0.0126052694401,0.0144942767133,0.000205206089653,0.0,407.99868093732294,408.016996623158,407.8101111271645,409.1024242616589
0.12000000000000001,-6.39244057893e-07,1.06378126277e-05,10.0016330972,0.00101044899747,0.000491081508563,0.0,-4.64022673593e-05,0.000388336997132,0.0292253102809,0.00444843250401,0.0205045808554,0.0,407.78364193622735,409.59253863214724,410.94222714750634,410.05083866645606
0.18,-2.10911897215e-05,5.95382806226e-05,10.0099178699,0.00123217371867,0.00195511216795,0.0,-0.000797370518308,0.00127088985178,0.246911127898,0.00214506036987,0.0312324627581,0.0,471.64256286822797,472.4702867089031,473.5805213361971,473.4032785525279
0.23999999999999996,-0.00010925482692,0.000157737403616,10.0245863322,0.00127020042539,0.00383918451052,0.0,-0.0023039156506,0.00200978462381,0.242038285803,-0.0025746629702,0.0317365092247,0.0,401.961311614997,402.0074411369467,402.8751944159539,402.44828591987823
0.3,-0.000355831101301,0.000310710339077,10.0472945715,0.00135018356993,0.00535381490022,0.0,-0.00613943026833,0.00308568369323,0.514818920999,0.00818442076848,0.0072732085149,0.0,489.31828862829195,487.49409921689954,488.70026871809597,489.50141982086456
0.36000000000000004,-0.000825398688365,0.000522771679022,10.079160683,0.00192501946507,0.00563911041254,0.0,-0.00954645323216,0.00403217257876,0.547369229306,0.0122361563911,-0.000828935936146,0.0,415.7377325342958,415.0272497827628,414.9153958561432,415.2707903761691
0.4200000000000001,-0.0015025260341,0.000802836575846,10.1128213303,0.00273180433277,0.00591246847119,0.0,-0.0130361736747,0.00537368611458,0.574638570947,0.0157631893404,0.013593001673,0.0,412.81053287342354,414.0809365264634,413.4094317774209,413.7199463792656
0.48000000000000015,-0.00240860568568,0.00118502674968,10.1500854887,0.00315715250666,0.00663634321555,0.0,-0.0172440809458,0.00744728574924,0.667449166692,-0.0223908359484,0.00881776089462,0.0,435.27145014340806,434.87158062844804,436.47711809209363,433.281687159845
0.5400000000000001,-0.00358961633073,0.00169485381652,10.1941657135,0.0016054164768,0.00742263683318,0.0,-0.0221940422307,0.0093928539034,0.801806460932,-0.0339097598491,0.0205349031231,0.0,447.75688219279607,448.7088600915181,448.54009963278287,447.60363545333536
0.6000000000000002,-0.00509087976943,0.00228587498857,10.2467910341,6.2829514334,0.00858743920122,0.0,-0.027978533178,0.0100964129831,0.952256422694,-0.0248327013827,0.0170704762707,0.0,453.5819547900216,453.3036333825014,452.80047123983104,453.5297044144266
0.6600000000000003,-0.00699701827228,0.00288007166118,10.3121570601,6.28086163529,0.00915020441986,0.0,-0.0356689664922,0.00951798442126,1.22635687021,-0.0832939813287,-0.0141000997789,0.0,490.99553535838777,488.67777413432566,492.2679836120711,487.92217319372713
0.7200000000000003,-0.00933237031649,0.00338173501866,10.389767082,6.27659410995,0.00844808714826,0.0,-0.0420923656107,0.00671635028385,1.36049251662,-0.0539667112019,-0.00729197494786,0.0,448.9575040753345,449.5096134761665,447.7966181518018,450.17151789922394
0.7800000000000004,-0.0119996298978,0.00366295174525,10.4706639772,6.27327403499,0.00758366424466,0.0,-0.0467675602079,0.00238335709198,1.33609795923,-0.0582199158186,-0.0350629294736,0.0,398.56063028852043,396.0145554666551,397.7037135125857,397.3115263714758
0.8400000000000004,-0.0149677017479,0.00356897095246,10.5556073295,6.26961393081,0.00590501176996,0.0,-0.0519605680582,-0.0059093094635,1.49514965907,-0.0672407972881,-0.0166378145916,0.0,456.3348740599585,457.802901537288,457.34580366933454,456.6242385267455
0.9000000000000005,-0.0182282329559,0.00285798972157,10.6525423788,6.26541880094,0.0052498834081,0.0,-0.0566228255404,-0.018289746452,1.73567817361,-0.0758961488704,-0.00141257221832,0.0,481.4946207690699,482.64510052887374,481.43872931466194,480.7801109064818
0.9600000000000005,-0.0217599270816,0.00128297488694,10.7646830308,6.26071928507,0.0048713189471,0.0,-0.0610719239153,-0.034787769094,2.00190515668,-0.0836860662359,-0.0185512866199,0.0,491.15303937481275,489.88047947073176,489.0968539370887,488.5120674054901
1.0200000000000005,-0.0255208189933,-0.0012845865929,10.8876771241,6.2559718701,0.00426809550805,0.0,-0.064207353251,-0.0512874113682,2.09771494059,-0.0712852289866,0.00305206157025,0.0,438.7206269899272,440.51068003773327,438.9449974444525,439.9676860422669
1.0800000000000005,-0.0294620774563,-0.00493874793082,11.0164742847,6.25140530192,0.00453131860858,0.0,-0.0671900027937,-0.0709598234734,2.19532742012,-0.0881103202474,0.006931737938,0.0,441.4249895922755,441.7449331920999,440.12324928879644,438.7237880579897
1.1400000000000006,-0.0335754146764,-0.00977681855737,11.1482470158,6.2459406648,0.00511756161446,0.0,-0.0699655656099,-0.0907785073204,2.19707620998,-0.097786813558,0.0149172775367,0.0,408.73959440759324,409.45051393019594,410.40126320431807,409.5337201460944
1.2000000000000006,-0.0378816200796,-0.0160067508525,11.2828483926,6.24046520799,0.00611411202787,0.0,-0.0736693312495,-0.117448439549,2.28943085436,-0.0806537311493,0.0197945527762,0.0,438.74035423107176,439.1450101572345,439.0069203568573,440.4189405643148
1.2600000000000007,-0.04245365991,-0.0240986531686,11.426505614,6.23583925224,0.00705114536874,0.0,-0.0788568799513,-0.152820820366,2.49868104293,-0.0708028793202,0.00557886140161,0.0,476.33708623932154,475.24867359291596,474.6057160805547,475.3568163056846
1.3200000000000007,-0.0473330440919,-0.0342684405815,11.5795366053,6.23135106779,0.00711194771921,0.0,-0.083810109689,-0.186607214914,2.60209631956,-0.0843211005687,-0.0101906418467,0.0,444.38306903848155,443.0885553933727,445.33399635725664,444.22242868007095
1.3800000000000008,-0.0525075117136,-0.0465630261509,11.738790974,6.22608770606,0.00649554630321,0.0,-0.0886075166351,-0.223728075036,2.70610912802,-0.0955763633316,-0.0104393026341,0.0,445.06433210683326,445.0441046646616,445.4089734336903,444.48109649003726
1.4400000000000008,-0.0579377751038,-0.0610190610962,11.9012248153,6.22012965885,0.0062144042584,0.0,-0.0923632635205,-0.258650235507,2.70831113141,-0.108036841917,0.00486903749151,0.0,410.80759234434555,412.16284114845377,413.9841136597861,412.876832577546
1.5000000000000009,-0.0636145505192,-0.0779144521424,12.0674660347,6.21305824597,0.00679486374205,0.0,-0.0969083644022,-0.305202272692,2.83270844039,-0.159729201337,0.0178753100038,0.0,451.7465476507463,452.7939784651774,453.90420008989224,449.7224143716328
1.560000000000001,-0.0695685187174,-0.0976561903536,12.2396122117,6.20311418548,0.00798194218707,0.0,-0.101667078103,-0.353794360433,2.90523307001,-0.181773749104,0.0233529575272,0.0,436.8349768716749,437.29148419455635,436.9054241343019,435.0361941118784
1.620000000000001,-0.0758348170576,-0.120536396276,12.4163467445,6.19223824349,0.00936663700499,0.0,-0.107346209367,-0.409940568409,2.98560366882,-0.180269975116,0.022523150611,0.0,439.6102641647612,439.54154984632993,439.6174357577493,439.7098547187147
1.680000000000001,-0.0825616893307,-0.147891436146,12.6074134361,6.18161503263,0.0107743603416,0.0,-0.117074228119,-0.503352853485,3.38202274564,-0.171299930974,0.0252765025786,0.0,530.7568817072981,530.9457693446636,531.7607378501625,532.3502187309203
1.740000000000001,-0.0897894945179,-0.179990030801,12.8109379319,6.17127352951,0.0124298891072,0.0,-0.123995784628,-0.567522219973,3.40194241615,-0.174560754808,0.0318614104457,0.0,422.46735956279383,423.0350127596792,424.1712422146007,423.860981342573
1.8000000000000012,-0.0974753543961,-0.216227246786,13.0165021962,6.16103606513,0.0143348343039,0.0,-0.13237842831,-0.64134235872,3.44990791399,-0.163738132438,0.0315235308407,0.0,433.0538471026452,433.0258151780589,432.5437866599777,433.4254360853645
1.8600000000000012,-0.105752931085,-0.257524637413,13.2284346579,6.15175791212,0.0164044727191,0.0,-0.143755752018,-0.736231288656,3.6138220663,-0.140825926955,0.0398552231893,0.0,469.85370033257396,470.49963864161816,468.5001458678353,470.2566596068067
1.9200000000000013,-0.114834666755,-0.305290467143,13.4544449505,6.14407025722,0.0186500630727,0.0,-0.159260832091,-0.856882813372,3.91865028261,-0.110444393424,0.0320644615028,0.0,511.1262672791737,510.5711774323977,511.26344098428706,513.4103544894178
1.9800000000000013,-0.12482567227,-0.359897368793,13.6945064611,6.1389748381,0.0213555832689,0.0,-0.174030027245,-0.963891595258,4.08267164169,-0.0573764106013,0.0631096058725,0.0,472.40851710451363,474.7974078941402,471.539995120711,475.6152514119438
2.0400000000000014,-0.135712527181,-0.420643490749,13.9417374817,6.13581058967,0.0255595031388,0.0,-0.189257302786,-1.0612641075,4.15797391818,-0.0447841654342,0.0812332460368,0.0,447.26684671627305,448.7441928751045,447.2058395124096,448.2286012777264
2.1000000000000014,-0.147591013644,-0.487237759699,14.1930929243,6.13284370716,0.0304522383406,0.0,-0.207160183666,-1.15878375526,4.22019482568,-0.0609496792497,0.0821626768463,0.0,444.58760567031146,444.6691354372104,445.11930298717886,443.7926771294453
2.1600000000000015,-0.160849933725,-0.560751819192,14.4547731052,6.12872577381,0.0352934429797,0.0,-0.235403019896,-1.29201024577,4.50121993858,-0.0920427780974,0.0775602482087,0.0,510.3965702442497,510.07229326410777,511.1534882042024,508.92943723686585
2.2200000000000015,-0.175691126356,-0.641355836432,14.7267659614,6.12293778032,0.0396145056671,0.0,-0.259732993,-1.39529471858,4.56476625575,-0.1072278621,0.0576294993467,0.0,449.05919172656536,447.44318504825065,449.197825404897,447.9565879353174
2.2800000000000016,-0.192195723074,-0.728764603882,15.0055481405,6.11628607321,0.0427500228718,0.0,-0.290763757099,-1.51894546838,4.72706512928,-0.119346196849,0.0384588078692,0.0,480.4532692744219,478.99893593715393,479.85079219747155,478.9198780191472
2.3400000000000016,-0.210624792983,-0.823731683472,15.2939432058,6.10939571046,0.0447579988835,0.0,-0.32374919175,-1.64728118889,4.88516535308,-0.10708595182,0.0209200158332,0.0,480.91909544407423,479.5889825999259,479.58991510585867,480.5095484741785
2.4000000000000017,-0.231009555349,-0.926299208342,15.5903653188,6.1043355091,0.0464310049916,0.0,-0.355872660015,-1.7721254392,4.99485547513,-0.0585181745076,0.0390649012158,0.0,466.61302842443,468.027730045266,465.76786741050074,469.54476051919005
2.4600000000000017,-0.253138302417,-1.03561051198,15.8886702566,6.10091580276,0.0487612621886,0.0,-0.381948863983,-1.87191089199,4.94868020345,-0.054111984392,0.0383792568596,0.0,418.5522582227276,418.4934178323686,419.0093721021091,419.38987153914894
2.520000000000002,-0.276945848453,-1.15124865828,16.1856980467,6.09761971455,0.0513173011441,0.0,-0.411848122816,-1.98299003632,4.95204687838,-0.0566327251288,0.0499295116813,0.0,435.078152212325,436.045293165766,435.2007761593094,434.9876063162831
2.580000000000002,-0.3027435729,-1.27413975343,16.4856855311,6.09419269779,0.0552057635174,0.0,-0.448411821103,-2.11365451768,5.04688284904,-0.058102997396,0.0845598454921,0.0,463.89388397814196,466.6082616206266,464.36979065104293,464.2523395246551
2.640000000000002,-0.330583609582,-1.40414350256,16.7871498597,6.09092175048,0.0607098921196,0.0,-0.480030733335,-2.22012915672,5.00192263974,-0.0481667483773,0.103186531381,0.0,419.9601251829209,421.5804089465777,421.02277396121815,421.87954329033664
2.700000000000002,-0.360521955474,-1.54092430137,17.0875833291,6.08805245555,0.0672903283633,0.0,-0.518482323284,-2.33949232107,5.01224572516,-0.0471402585558,0.120220745165,0.0,439.48191971683445,440.9023637782293,438.7831334726751,438.8669370645041
2.760000000000002,-0.392814622785,-1.68471067182,17.3875252392,6.08541701974,0.0744814827787,0.0,-0.558550649935,-2.4536562444,4.98570144609,-0.0381644560778,0.119106612333,0.0,427.9071235019717,427.8258039503542,427.69467783351047,428.45741218866743
2.820000000000002,-0.427766072696,-1.83573978316,17.6875488267,6.08276649715,0.0814779812385,0.0,-0.607136571269,-2.58086259281,5.01469037815,-0.0602616941072,0.111079842989,0.0,446.11207545749755,445.4681710167213,447.9843753217484,446.1824406998815
2.880000000000002,-0.465357526485,-1.99348562296,17.9844858475,6.07992757755,0.0884491753474,0.0,-0.646425481748,-2.67769534035,4.88357411416,-0.0293782218431,0.124818451136,0.0,391.8286863975539,393.11800312160744,391.29156297040157,394.1547398796082
2.940000000000002,-0.505700629056,-2.15774885136,18.2767408236,6.07892474995,0.0955849590224,0.0,-0.698969297442,-2.79791175177,4.85812829295,0.000948962634343,0.103311402896,0.0,428.9776911672417,427.16024944908196,428.0568402512596,430.6302937447168
3.000000000000002,-0.550038155723,-2.33076031078,18.5747441565,6.07978063648,0.101641683447,0.0,-0.779579378334,-2.9689029988,5.07406128354,0.0325660692985,0.0957396759231,0.0,503.08422847265086,502.5431053691815,502.8420376059969,505.1274651312753
3.0600000000000023,-0.598821921932,-2.51296567136,18.8805722703,6.08156818784,0.107570966999,0.0,-0.847070895035,-3.10444647904,5.11980053884,0.0235723823054,0.104360936688,0.0,454.4016007815843,455.1004228055376,455.17188917294453,454.4516922573855
3.1200000000000023,-0.651961492725,-2.70363543951,19.1908283937,6.08261871326,0.113921612212,0.0,-0.924835406256,-3.25103774958,5.22134108122,0.00121777703688,0.108654356775,0.0,472.9864775212521,473.3261178185208,473.65807635190566,471.93540124370355
3.1800000000000024,-0.709746916291,-2.90283285624,19.5058370971,6.08303562238,0.119947499692,0.0,-1.00191654058,-3.38884927296,5.27839641092,0.0164713764036,0.0739898723708,0.0,463.38083123463946,460.6550515802346,458.9865193770543,460.1956409563861
3.2400000000000024,-0.772226380466,-3.11023727885,19.8239054848,6.08366578248,0.124315731649,0.0,-1.08111021436,-3.52457678695,5.32342156598,-0.00543348992999,0.0703210348622,0.0,458.0642123940896,457.7762373897148,459.2426903630421,457.50149405289795
3.3000000000000025,-0.83907255,-3.32505822706,20.1409965988,6.08299378747,0.128309977217,0.0,-1.14744931063,-3.63630839245,5.24642473785,-0.0263935140342,0.0577594388165,0.0,419.7376482480481,418.6493776290147,419.853481020133,418.0306756091153
3.3600000000000025,-0.910010945874,-3.5466939486,20.4538290288,6.08271477841,0.131785923465,0.0,-1.21746702952,-3.75175059846,5.18139120195,0.0205062904819,0.0582760640536,0.0,422.5240489900217,422.5711083743019,421.17603993341146,425.21381698351445
3.4200000000000026,-0.98545124826,-3.77564147689,20.7645338168,6.08389076373,0.135479197234,0.0,-1.29751846275,-3.87983309506,5.17524283565,0.0177222433313,0.0674130920293,0.0,441.7087201532288,442.46445550266606,442.6556475526536,442.42640222109975
3.4800000000000026,-1.06577326589,-4.01229339626,21.0749198154,6.0848458334,0.13982177064,0.0,-1.38024352558,-4.00858119741,5.17073479522,0.012040118902,0.0808034286173,0.0,442.01785905058136,443.12422493719015,444.23458319280684,443.7682216933256
3.5400000000000027,-1.15107699598,-4.25659278707,21.384574736,6.08527893212,0.144863560053,0.0,-1.4636396472,-4.13480215536,5.15092223593,-0.00478464618231,0.0898036576886,0.0,439.4810879877366,440.2324221408803,438.4179806502257,437.01744965877157
3.6000000000000028,-1.24124388873,-4.50817733879,21.6914678247,6.08522331242,0.150527941151,0.0,-1.54239482214,-4.25153563025,5.07891015486,0.00584691162276,0.102303469483,0.0,420.74198604051963,421.83106000212365,421.6143501446464,422.5321299276014
3.660000000000003,-1.33726520594,-4.76812566725,22.0006583649,6.08537068552,0.156433879251,0.0,-1.65884586963,-4.41332369229,5.22630750508,-0.00537523324572,0.0892841462501,0.0,491.7545985579242,490.7963210597289,491.4436858204675,490.61099325897123
3.720000000000003,-1.43960027536,-5.03681106521,22.3136819278,6.08495841816,0.161358038485,0.0,-1.75276775403,-4.54301262143,5.20755608132,-0.010044702031,0.0609710893194,0.0,442.64503299528894,440.31361786338636,442.5421542890251,442.1576546193391
3.780000000000003,-1.54671701327,-5.31218628452,22.619929512,6.08437611181,0.16546873104,0.0,-1.81818445144,-4.63653523812,5.00147474296,-0.00903441993496,0.0804302547102,0.0,375.48667280648954,377.37460282097396,375.6431753935146,375.74126509312487
3.840000000000003,-1.65996234406,-5.59574089556,22.9263326216,6.08402795899,0.17089288108,0.0,-1.95707053069,-4.81522189008,5.21042452866,-1.62300819922e-05,0.105216144023,0.0,510.3183883649581,512.0903003715139,509.1917096189158,509.8366539220826
3.900000000000003,-1.78089413801,-5.88915683012,23.2407825031,6.0841034013,0.177281885979,0.0,-2.07452879118,-4.96535863032,5.27047950124,0.00369030515143,0.10890261486,0.0,469.36511181995,469.6604485354717,468.8761360130945,469.1640400718361
3.960000000000003,-1.90888050158,-6.19147706006,23.5581207079,6.08431386647,0.18339670379,0.0,-2.19222360229,-5.1120497393,5.30681899854,0.00314010096239,0.0818523011858,0.0,465.19254386753636,463.0772788724986,462.7946817290533,462.75129421947184
4.020000000000002,-2.04389005038,-6.50246810308,23.8767894493,6.08470402058,0.188588314802,0.0,-2.30852105719,-5.25442558417,5.31500652793,0.0124980045016,0.0945307484209,0.0,455.0508731681307,456.0707992773179,455.78947820306735,456.53682420725823
4.080000000000001,-2.18484475004,-6.8208671264,24.1901136113,6.08523944085,0.194818955759,0.0,-2.39052019756,-5.35920661332,5.12977989825,0.000594049848452,0.117904802011,0.0,390.0472593165256,392.23541653221366,389.8935735657925,388.77939520827397
4.14,-2.33229605012,-7.14706677073,24.4996512339,6.08500923377,0.201993951128,0.0,-2.52512210694,-5.51419710561,5.18728962965,-0.0146306347751,0.122742053502,0.0,472.09270077194714,472.4778097699444,470.67536364169877,469.4954224096794
4.199999999999998,-2.48757538849,-7.48223388673,24.8107026761,6.0846275501,0.209048598672,0.0,-2.65146407753,-5.65823879779,5.18056631953,0.00646791062374,0.104480837478,0.0,452.927755759047,451.4683339409699,452.3560265057111,454.05232358261026
4.259999999999997,-2.64975835341,-7.82534495191,25.1176012873,6.08533441881,0.215207346805,0.0,-2.75520335024,-5.77908566268,5.04965477969,0.0207158272211,0.0987004702009,0.0,412.0991731056049,411.5978165569207,410.9501880753573,412.21144842625193
4.319999999999996,-2.81894796788,-8.17635975303,25.4196815675,6.08670865491,0.220988585875,0.0,-2.88496417467,-5.92152815032,5.01938086001,0.0269552770716,0.0911954535107,0.0,445.89667758703547,445.2908732047736,445.2066475154983,445.7170262306645
4.379999999999995,-2.99613158414,-8.53603647612,25.7203459236,6.08827435084,0.226811270521,0.0,-3.02165241942,-6.06778898278,5.00237878377,0.0243164548575,0.106725550727,0.0,450.2591540743205,451.52190328974285,450.2895435119379,450.0760963454156
4.439999999999993,-3.18162218995,-8.90450902688,26.0199094451,6.08958223284,0.233344489725,0.0,-3.16192987027,-6.21474444694,4.98265077039,0.0162147321204,0.112889632128,0.0,450.33779136652043,450.8464780429421,450.80758312772724,450.1523068536006
4.499999999999992,-3.37570731253,-9.28187513287,26.318456042,6.09053168999,0.240253743273,0.0,-3.30816137073,-6.36426856853,4.96839347601,0.0150317670365,0.119333399242,0.0,452.49419251601694,453.02430121587616,453.85980223481386,453.7647227152951
4.559999999999991,-3.57852547743,-9.66811690811,26.6153972788,6.09146083789,0.247553501715,0.0,-3.45307171825,-6.51064267247,4.92925036026,0.0163787035963,0.125951738995,0.0,446.04938986533494,446.6029613401773,446.17042600132834,446.28030716971386
4.6199999999999894,-3.78935298861,-10.0625684892,26.9067624552,6.09317244736,0.255039873312,0.0,-3.57520996984,-6.6380548638,4.78316973551,0.045670291455,0.122306878089,0.0,411.0649745050617,410.7572963791694,408.4397763446499,411.0448771485565
4.679999999999988,-4.00867099995,-10.4654559828,27.1932381708,6.09606747628,0.262450393982,0.0,-3.73604044456,-6.79157862323,4.76553286697,0.0529657178501,0.12580779447,0.0,453.5505421464218,453.84517491000247,453.38657056194194,453.97383620346363
4.739999999999987,-4.23813113946,-10.877810602,27.4798626927,6.099126365,0.270249321703,0.0,-3.91329021253,-6.95354962216,4.78786261557,0.0466858483622,0.137234631614,0.0,466.8654727041165,467.77087622472715,468.1198518340359,467.6323212340604
4.799999999999986,-4.47786307762,-11.2995534548,27.7659056754,6.10196484823,0.278379221928,0.0,-4.07850024231,-7.10464951918,4.74647774267,0.0485239111605,0.131782035245,0.0,448.72889937101365,448.30269729244327,448.71616642512987,448.8667138054611
4.859999999999984,-4.72687877524,-11.7298994255,28.0467286629,6.1054532485,0.286126781248,0.0,-4.22278294552,-7.24045505308,4.61443397671,0.0725536649767,0.123207217493,0.0,419.51163551096005,418.7825176553528,416.8720798697625,418.969612642113
4.919999999999983,-4.98622263652,-12.1693410575,28.3247154304,6.11054983324,0.29312059916,0.0,-4.42264494469,-7.40746987142,4.65097187054,0.102323784922,0.0979947719426,0.0,474.32843996370286,472.3987396587952,474.213367413964,476.50029531248197
4.979999999999982,-5.25619315719,-12.6179345845,28.5999077738,6.11651442555,0.298669683505,0.0,-4.57706128469,-7.54578028169,4.52240695328,0.0928370761743,0.0782133255732,0.0,422.41150195913775,420.70925641766576,420.97408041528735,420.16124386168696
5.0399999999999805,-5.53617486292,-13.075182324,28.8693957565,6.12188883352,0.304175727405,0.0,-4.75625041599,-7.69586022038,4.46039468874,0.0820885017081,0.11028761695,0.0,441.59643368062603,444.241685700803,444.2402092181394,443.3644137826901
